3x3:
E+0 = -15.83735999
E_1 = -13.08632642

3x4:

E_0 = -22.13801369
E_1 = -20.15594317


Spectrum:

3x3:
[-15.83735999 -15.83735999 -13.08632642 -13.08632642 -13.08632642
 -13.08632642 -11.85810636 -11.85810636 -11.85810636 -11.85810636
 -11.78929437 -11.78929437 -11.71860861 -11.71860861 -11.03510335
 -11.03510335 -11.03510335 -11.03510335 -10.72099508 -10.72099508
 -10.72099508 -10.72099508 -10.6522411  -10.6522411  -10.63055789
 -10.63055789  -9.76058954  -9.76058954  -9.76058954  -9.76058954
  -9.76058954  -9.76058954  -9.76058954  -9.76058954  -9.12114614
  -9.12114614  -9.12114614  -9.12114614  -8.56209416  -8.56209416
  -8.56209416  -8.56209416  -8.53559974  -8.53559974  -8.53559974
  -8.53559974  -8.5341385   -8.5341385   -8.5341385   -8.5341385
  -8.5341385   -8.5341385   -8.5341385   -8.5341385   -8.1956493
  -8.1956493   -8.12353054  -8.12353054  -8.          -8.
  -7.88916681  -7.88916681  -7.88916681  -7.88916681  -7.69637951
  -7.69637951  -7.69637951  -7.69637951  -7.3034404   -7.3034404
  -7.3034404   -7.3034404   -7.26394855  -7.26394855  -6.90881046
  -6.90881046  -6.63400153  -6.63400153  -6.63400153  -6.63400153
  -6.63400153  -6.63400153  -6.63400153  -6.63400153  -6.34705413
  -6.34705413  -6.09625237  -6.09625237  -6.09625237  -6.09625237
  -6.          -6.          -6.          -6.          -5.53937857
  -5.53937857  -5.53937857  -5.53937857  -5.32604732  -5.32604732
  -5.32604732  -5.32604732  -5.32604732  -5.32604732  -5.32604732
  -5.32604732  -5.27613236  -5.27613236  -5.27613236  -5.27613236
  -5.27613236  -5.27613236  -5.05371503  -5.05371503  -5.05371503
  -5.05371503  -5.02860123  -5.02860123  -5.          -5.
  -5.          -5.          -4.86858454  -4.86858454  -4.86858454
  -4.86858454  -4.86031483  -4.86031483  -4.50189976  -4.50189976
  -4.50189976  -4.50189976  -4.50189976  -4.50189976  -4.4745171
  -4.4745171   -4.4745171   -4.4745171   -4.29817682  -4.29817682
  -4.29817682  -4.29817682  -4.29817682  -4.29817682  -4.29817682
  -4.29817682  -4.29817682  -4.29817682  -4.29817682  -4.29817682
  -4.          -4.          -4.          -4.          -3.78810684
  -3.78810684  -3.55168096  -3.55168096  -3.55168096  -3.55168096
  -3.48746547  -3.48746547  -3.48746547  -3.48746547  -3.48746547
  -3.48746547  -3.48746547  -3.48746547  -3.19618615  -3.19618615
  -3.19618615  -3.19618615  -3.19618615  -3.19618615  -3.19618615
  -3.19618615  -3.07688949  -3.07688949  -3.0218484   -3.0218484
  -3.0218484   -3.0218484   -2.93571542  -2.93571542  -2.93571542
  -2.93571542  -2.93571542  -2.93571542  -2.59398348  -2.59398348
  -2.33154278  -2.33154278  -2.33154278  -2.33154278  -2.33154278
  -2.33154278  -2.31971336  -2.31971336  -2.04347571  -2.04347571
  -2.04347571  -2.04347571  -2.01461028  -2.01461028  -2.01461028
  -2.01461028  -2.01461028  -2.01461028  -2.01461028  -2.01461028
  -1.94785948  -1.94785948  -1.94785948  -1.94785948  -1.89695695
  -1.89695695  -1.89695695  -1.89695695  -1.89695695  -1.89695695
  -1.56239297  -1.56239297  -1.56239297  -1.56239297  -1.50119232
  -1.50119232  -1.50119232  -1.50119232  -1.50119232  -1.50119232
  -1.50119232  -1.50119232  -1.36492233  -1.36492233  -1.36492233
  -1.36492233  -1.36492233  -1.36492233  -1.36492233  -1.36492233
  -1.36492233  -1.36492233  -1.36492233  -1.36492233  -1.
  -1.          -1.          -1.          -0.7664012   -0.7664012
  -0.7664012   -0.7664012   -0.7664012   -0.7664012   -0.69536409
  -0.69536409  -0.69536409  -0.69536409  -0.69536409  -0.69536409
  -0.379243    -0.379243    -0.379243    -0.379243    -0.17836358
  -0.17836358   0.27856558   0.27856558   0.39989055   0.39989055
   0.39989055   0.39989055   0.56424781   0.56424781   0.56424781
   0.56424781   0.56424781   0.56424781   0.56424781   0.56424781
   0.63061725   0.63061725   0.63061725   0.63061725   1.
   1.           1.           1.           1.09711969   1.09711969
   1.09711969   1.09711969   1.09711969   1.09711969   1.09711969
   1.09711969   1.09711969   1.09711969   1.09711969   1.09711969
   1.33161868   1.33161868   1.33161868   1.33161868   1.35868034
   1.35868034   1.35868034   1.35868034   1.70668544   1.70668544
   1.70668544   1.70668544   1.70668544   1.70668544   1.70668544
   1.70668544   1.76393202   1.76393202   1.76393202   1.76393202
   1.76393202   1.76393202   2.           2.           2.
   2.           2.           2.           2.           2.
   2.56127393   2.56127393   2.64908892   2.64908892   2.81476465
   2.81476465   2.81476465   2.81476465   2.81476465   2.81476465
   2.86139747   2.86139747   2.86139747   2.86139747   2.99669336
   2.99669336   2.99669336   2.99669336   3.06430325   3.06430325
   3.06430325   3.06430325   3.06430325   3.06430325   3.06430325
   3.06430325   3.06430325   3.06430325   3.06430325   3.06430325
   3.18484238   3.18484238   3.18484238   3.18484238   3.2437231
   3.2437231    3.2437231    3.2437231    3.2437231    3.2437231
   3.89009106   3.89009106   3.89009106   3.89009106   3.89009106
   3.89009106   3.89009106   3.89009106   3.89009106   3.89009106
   3.89009106   3.89009106   4.39877068   4.39877068   4.39877068
   4.39877068   4.39877068   4.39877068   4.790719     4.790719
   4.790719     4.790719     4.790719     4.790719     4.790719
   4.790719     5.82409933   5.82409933   6.           6.
   6.           6.           6.           6.           6.
   6.           6.23606798   6.23606798   6.23606798   6.23606798
   6.23606798   6.23606798   6.29843788   6.29843788   6.29843788
   6.29843788   6.29843788   6.29843788   6.29843788   6.29843788
   6.29843788   6.29843788   6.29843788   6.29843788   6.29843788
   6.29843788   6.29843788   6.29843788   6.58356605   6.58356605
   6.58356605   6.58356605   7.           7.           7.
   7.           7.           7.           7.           7.
   7.39257884   7.39257884   7.39257884   7.39257884   7.39257884
   7.39257884   7.39257884   7.39257884   7.61158515   7.61158515
   7.61158515   7.61158515   7.61158515   7.61158515   7.61158515
   7.61158515   7.61158515   7.61158515   7.61158515   7.61158515
   8.5794783    8.5794783    8.5794783    8.5794783    8.5794783
   8.5794783    9.34859795   9.34859795   9.34859795   9.34859795
   9.34859795   9.34859795  10.0186779   10.0186779   10.0186779
  10.0186779   10.0186779   10.0186779   11.          11.
  11.          11.          11.          11.          11.
  11.          12.70156212  12.70156212  12.70156212  12.70156212
  12.70156212  12.70156212  12.70156212  12.70156212  12.70156212
  12.70156212  12.70156212  12.70156212  12.70156212  12.70156212
  12.70156212  12.70156212  16.          16.          16.
  16.          16.          16.          16.          16.
  16.          16.        ]


3x4:

[-22.13801369 -20.15594317 -20.15594317 ...  23.          23.
  23.        ]
